qri_update_time,collected_at,trading_day,last_trading_day,contract,option_type,strike,settlement,open_interest,volume,ask_iv,bid_iv,ask_price,ask_quantity,bid_price,bid_quantity,iv,change,change_percent,last_price,trade_time
2026/09/25 18:27,2026-09-25T18:42:57+09:00,2026/09/28,2026/11/12,2026-11,CALL,82500,18,,1,24.93,24.44,20,2,17,18,24.85,0,0,19,09/25 17:45
2026/09/25 18:27,2026-09-25T18:42:57+09:00,2026/09/28,2026/11/12,2026-11,PUT,82500,16415,,,,,,,,,,,,,
2026/09/25 18:27,2026-09-25T18:42:57+09:00,2026/09/28,2026/11/12,2026-11,CALL,80000,42,,6,24.59,24.18,47,21,42,2,24.3,4,9.76,45,09/25 18:05
2026/09/25 18:27,2026-09-25T18:42:57+09:00,2026/09/28,2026/11/12,2026-11,PUT,80000,13945,,,,,,,,,,,,,
2026/09/25 18:27,2026-09-25T18:42:57+09:00,2026/09/28,2026/11/12,2026-11,CALL,79500,50,,,24.41,24.12,54,14,50,14,,,,,
2026/09/25 18:27,2026-09-25T18:42:57+09:00,2026/09/28,2026/11/12,2026-11,PUT,79500,13450,,,,,,,,,,,,,
2026/09/25 18:27,2026-09-25T18:42:57+09:00,2026/09/28,2026/11/12,2026-11,CALL,79000,57,,1,24.36,24.1,64,18,60,18,24.46,-2,-3.51,55,09/25 17:08
2026/09/25 18:27,2026-09-25T18:42:57+09:00,2026/09/28,2026/11/12,2026-11,PUT,79000,12960,,,,,,,,,,,,,
2026/09/25 18:27,2026-09-25T18:42:57+09:00,2026/09/28,2026/11/12,2026-11,CALL,78500,69,,2,24.31,23.98,76,12,70,12,24.15,5,7.46,72,09/25 17:52
2026/09/25 18:27,2026-09-25T18:42:57+09:00,2026/09/28,2026/11/12,2026-11,PUT,78500,12475,,,,,,,,,,,,,
2026/09/25 18:27,2026-09-25T18:42:57+09:00,2026/09/28,2026/11/12,2026-11,CALL,78000,81,,,24.32,23.97,91,17,84,15,,,,,
2026/09/25 18:27,2026-09-25T18:42:57+09:00,2026/09/28,2026/11/12,2026-11,PUT,78000,11985,,,,,,,,,,,,,
2026/09/25 18:27,2026-09-25T18:42:57+09:00,2026/09/28,2026/11/12,2026-11,CALL,77500,97,,,24.21,23.94,106,10,100,26,,,,,
2026/09/25 18:27,2026-09-25T18:42:57+09:00,2026/09/28,2026/11/12,2026-11,PUT,77500,11505,,,,,,,,,,,,,
2026/09/25 18:27,2026-09-25T18:42:57+09:00,2026/09/28,2026/11/12,2026-11,CALL,77000,114,,2,24.16,23.96,125,14,120,12,24.37,-2,-1.77,111,09/25 17:10
2026/09/25 18:27,2026-09-25T18:42:57+09:00,2026/09/28,2026/11/12,2026-11,PUT,77000,11020,,,26.83,,10770,12,10435,3,,,,,
2026/09/25 18:27,2026-09-25T18:42:57+09:00,2026/09/28,2026/11/12,2026-11,CALL,76500,134,,,24.18,23.93,149,8,142,8,,,,,
2026/09/25 18:27,2026-09-25T18:42:57+09:00,2026/09/28,2026/11/12,2026-11,PUT,76500,10540,,,26.5,18.68,10290,6,10100,2,,,,,
2026/09/25 18:27,2026-09-25T18:42:57+09:00,2026/09/28,2026/11/12,2026-11,CALL,76250,147,,,24.17,23.91,162,5,154,13,,,,,
2026/09/25 18:27,2026-09-25T18:42:57+09:00,2026/09/28,2026/11/12,2026-11,PUT,76250,10305,,,26.44,,10055,4,9785,3,,,,,
2026/09/25 18:27,2026-09-25T18:42:57+09:00,2026/09/28,2026/11/12,2026-11,CALL,76000,159,,3,24.16,23.88,176,11,167,11,23.97,23,15.13,175,09/25 18:16
2026/09/25 18:27,2026-09-25T18:42:57+09:00,2026/09/28,2026/11/12,2026-11,PUT,76000,10065,,,26.23,,9815,12,9460,9,,,,,
2026/09/25 18:27,2026-09-25T18:42:57+09:00,2026/09/28,2026/11/12,2026-11,CALL,75750,173,,,24.15,23.86,191,5,181,5,,,,,
2026/09/25 18:27,2026-09-25T18:42:57+09:00,2026/09/28,2026/11/12,2026-11,PUT,75750,9830,,,26.13,,9580,4,9240,3,,,,,
2026/09/25 18:27,2026-09-25T18:42:57+09:00,2026/09/28,2026/11/12,2026-11,CALL,75500,186,,,24.14,23.81,207,2,195,2,,,,,
2026/09/25 18:27,2026-09-25T18:42:57+09:00,2026/09/28,2026/11/12,2026-11,PUT,75500,9595,,,26.01,16.37,9345,8,9090,2,,,,,
2026/09/25 18:27,2026-09-25T18:42:57+09:00,2026/09/28,2026/11/12,2026-11,CALL,75250,203,,,24.18,23.84,226,15,213,13,,,,,
2026/09/25 18:27,2026-09-25T18:42:57+09:00,2026/09/28,2026/11/12,2026-11,PUT,75250,9365,,,25.98,18.12,9115,4,8870,1,,,,,
2026/09/25 18:27,2026-09-25T18:42:57+09:00,2026/09/28,2026/11/12,2026-11,CALL,75000,221,,,24.08,23.9,241,11,234,11,,,,,
2026/09/25 18:27,2026-09-25T18:42:57+09:00,2026/09/28,2026/11/12,2026-11,PUT,75000,9130,,,25.81,17.72,8880,12,8620,9,,,,,
2026/09/25 18:27,2026-09-25T18:42:57+09:00,2026/09/28,2026/11/12,2026-11,CALL,74750,234,,,24.15,23.86,264,2,252,2,,,,,
2026/09/25 18:27,2026-09-25T18:42:57+09:00,2026/09/28,2026/11/12,2026-11,PUT,74750,8895,,,25.63,18.97,8645,3,8405,1,,,,,
2026/09/25 18:27,2026-09-25T18:42:57+09:00,2026/09/28,2026/11/12,2026-11,CALL,74500,259,,,24.11,23.88,284,8,274,8,,,,,
2026/09/25 18:27,2026-09-25T18:42:57+09:00,2026/09/28,2026/11/12,2026-11,PUT,74500,8665,,,25.53,13.88,8415,8,8080,2,,,,,
2026/09/25 18:27,2026-09-25T18:42:57+09:00,2026/09/28,2026/11/12,2026-11,CALL,74250,277,,,24.06,23.88,305,5,297,2,,,,,
2026/09/25 18:27,2026-09-25T18:42:57+09:00,2026/09/28,2026/11/12,2026-11,PUT,74250,8440,,,25.5,18.86,8190,4,7925,3,,,,,
2026/09/25 18:27,2026-09-25T18:42:57+09:00,2026/09/28,2026/11/12,2026-11,CALL,74000,305,,2,24.06,23.85,330,2,320,16,23.98,35,11.67,335,09/25 18:14
2026/09/25 18:27,2026-09-25T18:42:57+09:00,2026/09/28,2026/11/12,2026-11,PUT,74000,8210,,,25.35,19.85,7960,12,7720,9,,,,,
2026/09/25 18:27,2026-09-25T18:42:57+09:00,2026/09/28,2026/11/12,2026-11,CALL,73750,325,,,24.13,23.83,360,5,345,5,,,,,
2026/09/25 18:27,2026-09-25T18:42:57+09:00,2026/09/28,2026/11/12,2026-11,PUT,73750,7985,,,25.28,21.21,7735,4,7540,3,,,,,
2026/09/25 18:27,2026-09-25T18:42:57+09:00,2026/09/28,2026/11/12,2026-11,CALL,73500,350,,,24.07,23.88,385,2,375,2,,,,,
2026/09/25 18:27,2026-09-25T18:42:57+09:00,2026/09/28,2026/11/12,2026-11,PUT,73500,7760,,,25.17,20.83,7510,8,7295,2,,,,,
2026/09/25 18:27,2026-09-25T18:42:57+09:00,2026/09/28,2026/11/12,2026-11,CALL,73250,380,,,24.06,23.88,415,4,405,4,,,,,
2026/09/25 18:27,2026-09-25T18:42:57+09:00,2026/09/28,2026/11/12,2026-11,PUT,73250,7535,,,25.04,18.55,7285,4,6975,3,,,,,
2026/09/25 18:27,2026-09-25T18:42:57+09:00,2026/09/28,2026/11/12,2026-11,CALL,73000,410,,1,24.03,23.85,445,8,435,13,24.09,35,8.54,445,09/25 17:57
2026/09/25 18:27,2026-09-25T18:42:57+09:00,2026/09/28,2026/11/12,2026-11,PUT,73000,7320,,,25.05,19.57,7070,12,6785,9,,,,,
2026/09/25 18:27,2026-09-25T18:42:57+09:00,2026/09/28,2026/11/12,2026-11,CALL,72750,440,,,24.12,23.87,485,4,470,2,,,,,
2026/09/25 18:27,2026-09-25T18:42:57+09:00,2026/09/28,2026/11/12,2026-11,PUT,72750,7100,,,24.94,22.11,6850,4,6685,1,,,,,
2026/09/25 18:27,2026-09-25T18:42:57+09:00,2026/09/28,2026/11/12,2026-11,CALL,72500,480,,,24.1,23.85,520,2,505,11,,,,,
2026/09/25 18:27,2026-09-25T18:42:57+09:00,2026/09/28,2026/11/12,2026-11,PUT,72500,6880,,,24.81,20.41,6630,8,6375,8,,,,,
2026/09/25 18:27,2026-09-25T18:42:57+09:00,2026/09/28,2026/11/12,2026-11,CALL,72250,510,,,24.12,23.88,560,4,545,4,,,,,
2026/09/25 18:27,2026-09-25T18:42:57+09:00,2026/09/28,2026/11/12,2026-11,PUT,72250,6665,,,24.73,21.23,6415,4,6200,3,,,,,
2026/09/25 18:27,2026-09-25T18:42:57+09:00,2026/09/28,2026/11/12,2026-11,CALL,72125,520,,,24.41,23.18,600,2,520,24,,,,,
2026/09/25 18:27,2026-09-25T18:42:57+09:00,2026/09/28,2026/11/12,2026-11,PUT,72125,6545,,,24.79,20.85,6315,1,6070,1,,,,,
2026/09/25 18:27,2026-09-25T18:42:57+09:00,2026/09/28,2026/11/12,2026-11,CALL,72000,555,,1,24.02,23.87,595,2,585,2,24.02,60,11.43,585,09/25 17:43
2026/09/25 18:27,2026-09-25T18:42:57+09:00,2026/09/28,2026/11/12,2026-11,PUT,72000,6455,,,24.69,20.9,6205,12,5965,3,,,,,
2026/09/25 18:27,2026-09-25T18:42:57+09:00,2026/09/28,2026/11/12,2026-11,CALL,71875,570,,,24.88,22.64,675,9,525,24,,,,,
2026/09/25 18:27,2026-09-25T18:42:57+09:00,2026/09/28,2026/11/12,2026-11,PUT,71875,6355,,,24.73,17.82,6105,4,5690,1,,,,,
2026/09/25 18:27,2026-09-25T18:42:57+09:00,2026/09/28,2026/11/12,2026-11,CALL,71750,585,,,24.12,23.83,645,4,625,4,,,,,
2026/09/25 18:27,2026-09-25T18:42:57+09:00,2026/09/28,2026/11/12,2026-11,PUT,71750,6245,,,24.62,19.08,5995,4,5645,1,,,,,
2026/09/25 18:27,2026-09-25T18:42:57+09:00,2026/09/28,2026/11/12,2026-11,CALL,71625,625,,,24.64,22.84,705,8,580,22,,,,,
2026/09/25 18:27,2026-09-25T18:42:57+09:00,2026/09/28,2026/11/12,2026-11,PUT,71625,6165,,,24.92,21.93,5915,4,5710,3,,,,,
2026/09/25 18:27,2026-09-25T18:42:57+09:00,2026/09/28,2026/11/12,2026-11,CALL,71500,630,,,24.17,23.82,695,2,670,2,,,,,
2026/09/25 18:27,2026-09-25T18:42:57+09:00,2026/09/28,2026/11/12,2026-11,PUT,71500,6040,,,24.59,19.11,5790,2,5430,8,,,,,
2026/09/25 18:27,2026-09-25T18:42:57+09:00,2026/09/28,2026/11/12,2026-11,CALL,71375,655,,,24.73,22.55,760,7,605,22,,,,,
2026/09/25 18:27,2026-09-25T18:42:57+09:00,2026/09/28,2026/11/12,2026-11,PUT,71375,5945,,,24.66,22.63,5695,4,5550,3,,,,,
2026/09/25 18:27,2026-09-25T18:42:57+09:00,2026/09/28,2026/11/12,2026-11,CALL,71250,675,,,24.18,23.84,745,3,720,3,,,,,
2026/09/25 18:27,2026-09-25T18:42:57+09:00,2026/09/28,2026/11/12,2026-11,PUT,71250,5835,,,24.65,22.79,5595,1,5460,3,,,,,
2026/09/25 18:27,2026-09-25T18:42:57+09:00,2026/09/28,2026/11/12,2026-11,CALL,71125,700,,,24.84,22.6,820,7,655,22,,,,,
2026/09/25 18:27,2026-09-25T18:42:57+09:00,2026/09/28,2026/11/12,2026-11,PUT,71125,5740,,,24.57,21.53,5490,4,5270,3,,,,,
2026/09/25 18:27,2026-09-25T18:42:57+09:00,2026/09/28,2026/11/12,2026-11,CALL,71000,725,,,24.22,23.89,800,43,775,2,,,,,
2026/09/25 18:27,2026-09-25T18:42:57+09:00,2026/09/28,2026/11/12,2026-11,PUT,71000,5635,,,27.79,21.98,5645,7,5200,7,,,,,
2026/09/25 18:27,2026-09-25T18:42:57+09:00,2026/09/28,2026/11/12,2026-11,CALL,70875,735,,,24.58,23.07,855,7,740,22,,,,,
2026/09/25 18:27,2026-09-25T18:42:57+09:00,2026/09/28,2026/11/12,2026-11,PUT,70875,5525,,,27.6,22.74,5535,6,5155,3,,,,,
2026/09/25 18:27,2026-09-25T18:42:57+09:00,2026/09/28,2026/11/12,2026-11,CALL,70750,775,,,24.22,23.77,855,2,820,2,,,,,
2026/09/25 18:27,2026-09-25T18:42:57+09:00,2026/09/28,2026/11/12,2026-11,PUT,70750,5435,,,24.61,22.18,5200,1,5015,4,,,,,
2026/09/25 18:27,2026-09-25T18:42:57+09:00,2026/09/28,2026/11/12,2026-11,CALL,70625,800,,,24.68,23.09,920,7,795,22,,,,,
2026/09/25 18:27,2026-09-25T18:42:57+09:00,2026/09/28,2026/11/12,2026-11,PUT,70625,5340,,,27.57,21.97,5345,6,4900,5,,,,,
2026/09/25 18:27,2026-09-25T18:42:57+09:00,2026/09/28,2026/11/12,2026-11,CALL,70500,835,,,24.31,23.87,920,2,885,2,,,,,
2026/09/25 18:27,2026-09-25T18:42:57+09:00,2026/09/28,2026/11/12,2026-11,PUT,70500,5240,,,27.54,22.01,5250,9,4805,3,,,,,
2026/09/25 18:27,2026-09-25T18:42:57+09:00,2026/09/28,2026/11/12,2026-11,CALL,70375,845,,,24.68,23.12,980,7,855,22,,,,,
2026/09/25 18:27,2026-09-25T18:42:57+09:00,2026/09/28,2026/11/12,2026-11,PUT,70375,5140,,,24.62,20.59,4915,1,4600,3,,,,,
2026/09/25 18:27,2026-09-25T18:42:57+09:00,2026/09/28,2026/11/12,2026-11,CALL,70250,885,,,24.24,23.93,975,3,950,3,,,,,
2026/09/25 18:27,2026-09-25T18:42:57+09:00,2026/09/28,2026/11/12,2026-11,PUT,70250,5050,,,27.28,21.74,5045,5,4590,4,,,,,
2026/09/25 18:27,2026-09-25T18:42:57+09:00,2026/09/28,2026/11/12,2026-11,CALL,70125,915,,,24.64,23.12,1040,7,915,22,,,,,
2026/09/25 18:27,2026-09-25T18:42:57+09:00,2026/09/28,2026/11/12,2026-11,PUT,70125,4955,,,27.23,21.43,4950,6,4470,5,,,,,
2026/09/25 18:27,2026-09-25T18:42:57+09:00,2026/09/28,2026/11/12,2026-11,CALL,70000,940,,,24.37,23.83,1050,2,1005,2,,,,,
2026/09/25 18:27,2026-09-25T18:42:57+09:00,2026/09/28,2026/11/12,2026-11,PUT,70000,4855,,,24.48,23.04,4625,2,4505,10,,,,,
2026/09/25 18:27,2026-09-25T18:42:57+09:00,2026/09/28,2026/11/12,2026-11,CALL,69875,975,,,24.5,23.43,1095,7,1005,7,,,,,
2026/09/25 18:27,2026-09-25T18:42:57+09:00,2026/09/28,2026/11/12,2026-11,PUT,69875,4765,,,27.05,22.95,4755,6,4405,3,,,,,
2026/09/25 18:27,2026-09-25T18:42:57+09:00,2026/09/28,2026/11/12,2026-11,CALL,69750,1000,,,24.28,23.92,1110,3,1080,3,,,,,
2026/09/25 18:27,2026-09-25T18:42:57+09:00,2026/09/28,2026/11/12,2026-11,PUT,69750,4670,,,24.57,23.51,4450,3,4360,3,,,,,
2026/09/25 18:27,2026-09-25T18:42:57+09:00,2026/09/28,2026/11/12,2026-11,CALL,69625,1050,,,24.68,23.11,1180,6,1045,21,,,,,
2026/09/25 18:27,2026-09-25T18:42:57+09:00,2026/09/28,2026/11/12,2026-11,PUT,69625,4595,,,26.96,22.4,4570,6,4175,5,,,,,
2026/09/25 18:27,2026-09-25T18:42:57+09:00,2026/09/28,2026/11/12,2026-11,CALL,69500,1070,,,24.32,23.98,1185,4,1155,2,,,,,
2026/09/25 18:27,2026-09-25T18:42:57+09:00,2026/09/28,2026/11/12,2026-11,PUT,69500,4465,,,24.67,23.92,4280,10,4215,4,,,,,
2026/09/25 18:27,2026-09-25T18:42:57+09:00,2026/09/28,2026/11/12,2026-11,CALL,69375,1120,,,25.04,23.04,1285,21,1110,21,,,,,
2026/09/25 18:27,2026-09-25T18:42:57+09:00,2026/09/28,2026/11/12,2026-11,PUT,69375,4415,,,24.64,22.06,4190,1,3965,5,,,,,
2026/09/25 18:27,2026-09-25T18:42:57+09:00,2026/09/28,2026/11/12,2026-11,CALL,69250,1155,,,24.55,23.71,1280,2,1205,2,,,,,
2026/09/25 18:27,2026-09-25T18:42:57+09:00,2026/09/28,2026/11/12,2026-11,PUT,69250,4300,,,24.61,24.05,4100,3,4050,3,,,,,
2026/09/25 18:27,2026-09-25T18:42:57+09:00,2026/09/28,2026/11/12,2026-11,CALL,69125,1185,,,24.62,23.39,1325,6,1215,6,,,,,
2026/09/25 18:27,2026-09-25T18:42:57+09:00,2026/09/28,2026/11/12,2026-11,PUT,69125,4230,,,27.16,22.03,4245,6,3785,5,,,,,
2026/09/25 18:27,2026-09-25T18:42:57+09:00,2026/09/28,2026/11/12,2026-11,CALL,69000,1225,,1,24.63,24.07,1365,4,1315,4,24.32,135,11.39,1320,09/25 17:48
2026/09/25 18:27,2026-09-25T18:42:57+09:00,2026/09/28,2026/11/12,2026-11,PUT,69000,4135,,,24.52,24.13,3920,1,3885,4,,,,,
2026/09/25 18:27,2026-09-25T18:42:57+09:00,2026/09/28,2026/11/12,2026-11,CALL,68875,1275,,,25,23.8,1440,21,1330,6,,,,,
2026/09/25 18:27,2026-09-25T18:42:57+09:00,2026/09/28,2026/11/12,2026-11,PUT,68875,4070,,,26.09,21.91,3980,6,3600,5,,,,,
2026/09/25 18:27,2026-09-25T18:42:57+09:00,2026/09/28,2026/11/12,2026-11,CALL,68750,1305,,,24.39,23.95,1425,2,1385,2,,,,,
2026/09/25 18:27,2026-09-25T18:42:57+09:00,2026/09/28,2026/11/12,2026-11,PUT,68750,3975,,,24.6,23.62,3760,2,3670,2,,,,,
2026/09/25 18:27,2026-09-25T18:42:57+09:00,2026/09/28,2026/11/12,2026-11,CALL,68625,1340,,,24.96,23.82,1520,1,1415,6,,,,,
2026/09/25 18:27,2026-09-25T18:42:57+09:00,2026/09/28,2026/11/12,2026-11,PUT,68625,3885,,,24.79,24.14,3695,1,3635,1,,,,,
2026/09/25 18:27,2026-09-25T18:42:57+09:00,2026/09/28,2026/11/12,2026-11,CALL,68500,1390,,,24.54,24,1525,3,1475,3,,,,,
2026/09/25 18:27,2026-09-25T18:42:57+09:00,2026/09/28,2026/11/12,2026-11,PUT,68500,3795,,,24.76,24.06,3610,3,3545,9,,,,,
2026/09/25 18:27,2026-09-25T18:42:57+09:00,2026/09/28,2026/11/12,2026-11,CALL,68375,1430,,,24.77,23.91,1590,1,1510,6,,,,,
2026/09/25 18:27,2026-09-25T18:42:57+09:00,2026/09/28,2026/11/12,2026-11,PUT,68375,3725,,,25.03,24.18,3555,3,3475,1,,,,,
2026/09/25 18:27,2026-09-25T18:42:57+09:00,2026/09/28,2026/11/12,2026-11,CALL,68250,1470,,,24.82,24.12,1640,2,1575,2,,,,,
2026/09/25 18:27,2026-09-25T18:42:57+09:00,2026/09/28,2026/11/12,2026-11,PUT,68250,3620,,,24.6,23.91,3435,2,3370,5,,,,,
2026/09/25 18:27,2026-09-25T18:42:57+09:00,2026/09/28,2026/11/12,2026-11,CALL,68125,1520,,,25.07,23.9,1710,5,1600,5,,,,,
2026/09/25 18:27,2026-09-25T18:42:57+09:00,2026/09/28,2026/11/12,2026-11,PUT,68125,3555,,,25.28,24.06,3420,7,3305,4,,,,,
2026/09/25 18:27,2026-09-25T18:42:57+09:00,2026/09/28,2026/11/12,2026-11,CALL,68000,1570,,,24.88,24.15,1740,4,1670,4,,,,,
2026/09/25 18:27,2026-09-25T18:42:57+09:00,2026/09/28,2026/11/12,2026-11,PUT,68000,3480,,,24.67,24.09,3285,1,3230,13,,,,,
2026/09/25 18:27,2026-09-25T18:42:57+09:00,2026/09/28,2026/11/12,2026-11,CALL,67875,1610,,,25.11,23.96,1810,5,1700,5,,,,,
2026/09/25 18:27,2026-09-25T18:42:57+09:00,2026/09/28,2026/11/12,2026-11,PUT,67875,3395,,,25.17,24.01,3255,3,3145,4,,,,,
2026/09/25 18:27,2026-09-25T18:42:57+09:00,2026/09/28,2026/11/12,2026-11,CALL,67750,1665,,,24.7,24.13,1820,2,1765,7,,,,,
2026/09/25 18:27,2026-09-25T18:42:57+09:00,2026/09/28,2026/11/12,2026-11,PUT,67750,3320,,,24.7,24.02,3135,2,3070,5,,,,,
2026/09/25 18:27,2026-09-25T18:42:57+09:00,2026/09/28,2026/11/12,2026-11,CALL,67625,1715,,,25.17,24.02,1915,20,1805,5,,,,,
2026/09/25 18:27,2026-09-25T18:42:57+09:00,2026/09/28,2026/11/12,2026-11,PUT,67625,3250,,,24.86,24.08,3075,4,3000,7,,,,,
2026/09/25 18:27,2026-09-25T18:42:57+09:00,2026/09/28,2026/11/12,2026-11,CALL,67500,1780,,,24.64,24.22,1915,11,1875,16,,,,,
2026/09/25 18:27,2026-09-25T18:42:57+09:00,2026/09/28,2026/11/12,2026-11,PUT,67500,3170,,,24.79,24.07,2995,1,2925,4,,,,,
2026/09/25 18:27,2026-09-25T18:42:57+09:00,2026/09/28,2026/11/12,2026-11,CALL,67375,1820,,,25.19,24.05,2020,5,1910,5,,,,,
2026/09/25 18:27,2026-09-25T18:42:57+09:00,2026/09/28,2026/11/12,2026-11,PUT,67375,3100,,,24.88,24.15,2930,1,2860,7,,,,,
2026/09/25 18:27,2026-09-25T18:42:57+09:00,2026/09/28,2026/11/12,2026-11,CALL,67250,1880,,,25.05,24.38,2060,2,1995,1,,,,,
2026/09/25 18:27,2026-09-25T18:42:57+09:00,2026/09/28,2026/11/12,2026-11,PUT,67250,3025,,,24.9,24.17,2860,2,2790,3,,,,,
2026/09/25 18:27,2026-09-25T18:42:57+09:00,2026/09/28,2026/11/12,2026-11,CALL,67125,1930,,,25.16,24.03,2125,5,2015,5,,,,,
2026/09/25 18:27,2026-09-25T18:42:57+09:00,2026/09/28,2026/11/12,2026-11,PUT,67125,2930,,,24.96,24.23,2795,1,2725,5,,,,,
2026/09/25 18:27,2026-09-25T18:42:57+09:00,2026/09/28,2026/11/12,2026-11,CALL,67000,1995,,,24.96,24.49,2160,16,2115,4,,,,,
2026/09/25 18:27,2026-09-25T18:42:57+09:00,2026/09/28,2026/11/12,2026-11,PUT,67000,2845,,,24.9,24.13,2720,4,2645,1,,,,,
2026/09/25 18:27,2026-09-25T18:42:57+09:00,2026/09/28,2026/11/12,2026-11,CALL,66875,2040,,,25.25,24.17,2245,3,2140,5,,,,,
2026/09/25 18:27,2026-09-25T18:42:57+09:00,2026/09/28,2026/11/12,2026-11,PUT,66875,2795,,,25.2,24.17,2680,5,2580,5,,,,,
2026/09/25 18:27,2026-09-25T18:42:57+09:00,2026/09/28,2026/11/12,2026-11,CALL,66750,2110,,,25.28,24.46,2305,3,2225,2,,,,,
2026/09/25 18:27,2026-09-25T18:42:57+09:00,2026/09/28,2026/11/12,2026-11,PUT,66750,2745,,,24.97,24.25,2590,2,2520,2,,,,,
2026/09/25 18:27,2026-09-25T18:42:57+09:00,2026/09/28,2026/11/12,2026-11,CALL,66625,2160,,,25.3,24.48,2365,7,2285,1,,,,,
2026/09/25 18:27,2026-09-25T18:42:57+09:00,2026/09/28,2026/11/12,2026-11,PUT,66625,2665,,1,25.46,24.32,2570,5,2460,5,24.61,,,2500,09/25 17:55
2026/09/25 18:27,2026-09-25T18:42:57+09:00,2026/09/28,2026/11/12,2026-11,CALL,66500,2230,,,25.31,24.49,2425,4,2345,3,,,,,
2026/09/25 18:27,2026-09-25T18:42:57+09:00,2026/09/28,2026/11/12,2026-11,PUT,66500,2595,,,25.05,24.43,2465,1,2405,3,,,,,
2026/09/25 18:27,2026-09-25T18:42:57+09:00,2026/09/28,2026/11/12,2026-11,CALL,66375,2285,,,25.46,24.33,2500,7,2390,5,,,,,
2026/09/25 18:27,2026-09-25T18:42:57+09:00,2026/09/28,2026/11/12,2026-11,PUT,66375,2560,,,25.31,24.28,2425,5,2325,5,,,,,
2026/09/25 18:27,2026-09-25T18:42:57+09:00,2026/09/28,2026/11/12,2026-11,CALL,66250,2375,,,25.45,24.68,2560,8,2485,1,,,,,
2026/09/25 18:27,2026-09-25T18:42:57+09:00,2026/09/28,2026/11/12,2026-11,PUT,66250,2500,,1,25.14,24.52,2345,2,2285,2,24.66,,,2310,09/25 17:57
2026/09/25 18:27,2026-09-25T18:42:57+09:00,2026/09/28,2026/11/12,2026-11,CALL,66125,2435,,,25.58,24.39,2635,7,2520,3,,,,,
2026/09/25 18:27,2026-09-25T18:42:57+09:00,2026/09/28,2026/11/12,2026-11,PUT,66125,2435,,,25.43,24.39,2310,5,2210,20,,,,,
2026/09/25 18:27,2026-09-25T18:42:57+09:00,2026/09/28,2026/11/12,2026-11,CALL,66000,2515,,1,25.55,24.67,2695,8,2610,4,25.74,30,1.21,2505,09/25 17:12
2026/09/25 18:27,2026-09-25T18:42:57+09:00,2026/09/28,2026/11/12,2026-11,PUT,66000,2370,,4,25.29,24.57,2235,4,2165,4,24.92,-185,-7.72,2210,09/25 17:54
2026/09/25 18:27,2026-09-25T18:42:57+09:00,2026/09/28,2026/11/12,2026-11,CALL,65875,2570,,,26.18,24.62,2820,10,2670,1,,,,,
2026/09/25 18:27,2026-09-25T18:42:57+09:00,2026/09/28,2026/11/12,2026-11,PUT,65875,2320,,,25.66,24.52,2210,5,2100,5,,,,,
2026/09/25 18:27,2026-09-25T18:42:57+09:00,2026/09/28,2026/11/12,2026-11,CALL,65750,2605,,,25.77,24.83,2845,7,2755,1,,,,,
2026/09/25 18:27,2026-09-25T18:42:57+09:00,2026/09/28,2026/11/12,2026-11,PUT,65750,2255,,1,25.4,24.88,2125,2,2075,2,25.1,,,2125,09/25 17:34
2026/09/25 18:27,2026-09-25T18:42:57+09:00,2026/09/28,2026/11/12,2026-11,CALL,65625,2650,,,25.65,23.82,2900,6,2725,3,,,,,
2026/09/25 18:27,2026-09-25T18:42:57+09:00,2026/09/28,2026/11/12,2026-11,PUT,65625,2200,,,25.65,24.81,2090,5,2010,1,,,,,
2026/09/25 18:27,2026-09-25T18:42:57+09:00,2026/09/28,2026/11/12,2026-11,CALL,65500,2745,,,25.84,24.94,2985,8,2900,1,,,,,
2026/09/25 18:27,2026-09-25T18:42:57+09:00,2026/09/28,2026/11/12,2026-11,PUT,65500,2150,,,25.68,24.94,2035,1,1965,1,,,,,
2026/09/25 18:27,2026-09-25T18:42:57+09:00,2026/09/28,2026/11/12,2026-11,CALL,65375,2795,,,25.75,23.64,3045,4,2845,6,,,,,
2026/09/25 18:27,2026-09-25T18:42:57+09:00,2026/09/28,2026/11/12,2026-11,PUT,65375,2095,,,25.81,24.64,1990,6,1880,6,,,,,
2026/09/25 18:27,2026-09-25T18:42:57+09:00,2026/09/28,2026/11/12,2026-11,CALL,65250,2870,,,25.81,25.02,3120,6,3045,1,,,,,
2026/09/25 18:27,2026-09-25T18:42:57+09:00,2026/09/28,2026/11/12,2026-11,PUT,65250,2040,,,25.6,25.07,1915,2,1865,2,,,,,
2026/09/25 18:27,2026-09-25T18:42:57+09:00,2026/09/28,2026/11/12,2026-11,CALL,65125,2935,,,25.76,22.61,3185,4,2890,6,,,,,
2026/09/25 18:27,2026-09-25T18:42:57+09:00,2026/09/28,2026/11/12,2026-11,PUT,65125,1985,,,25.92,24.8,1890,6,1785,6,,,,,
2026/09/25 18:27,2026-09-25T18:42:57+09:00,2026/09/28,2026/11/12,2026-11,CALL,65000,3010,,,26.07,24.89,3285,5,3175,1,,,,,
2026/09/25 18:27,2026-09-25T18:42:57+09:00,2026/09/28,2026/11/12,2026-11,PUT,65000,1935,,,25.69,25.43,1815,1,1790,4,,,,,
2026/09/25 18:27,2026-09-25T18:42:57+09:00,2026/09/28,2026/11/12,2026-11,CALL,64875,3085,,,25.83,22.8,3335,4,3055,6,,,,,
2026/09/25 18:27,2026-09-25T18:42:57+09:00,2026/09/28,2026/11/12,2026-11,PUT,64875,1885,,,25.99,25.19,1790,6,1715,1,,,,,
2026/09/25 18:27,2026-09-25T18:42:57+09:00,2026/09/28,2026/11/12,2026-11,CALL,64750,3175,,,26.02,25.2,3425,5,3350,2,,,,,
2026/09/25 18:27,2026-09-25T18:42:57+09:00,2026/09/28,2026/11/12,2026-11,PUT,64750,1845,,,25.8,25.42,1720,2,1685,3,,,,,
2026/09/25 18:27,2026-09-25T18:42:57+09:00,2026/09/28,2026/11/12,2026-11,CALL,64625,3240,,,25.92,22.85,3490,4,3210,6,,,,,
2026/09/25 18:27,2026-09-25T18:42:57+09:00,2026/09/28,2026/11/12,2026-11,PUT,64625,1795,,,26.35,24.99,1720,6,1595,6,,,,,
2026/09/25 18:27,2026-09-25T18:42:57+09:00,2026/09/28,2026/11/12,2026-11,CALL,64500,3325,,,26.03,25.2,3575,9,3500,3,,,,,
2026/09/25 18:27,2026-09-25T18:42:57+09:00,2026/09/28,2026/11/12,2026-11,PUT,64500,1750,,,26.08,25.59,1645,2,1600,2,,,,,
2026/09/25 18:27,2026-09-25T18:42:57+09:00,2026/09/28,2026/11/12,2026-11,CALL,64375,3400,,,26.02,23.07,3650,4,3385,6,,,,,
2026/09/25 18:27,2026-09-25T18:42:57+09:00,2026/09/28,2026/11/12,2026-11,PUT,64375,1705,,,26.85,25.63,1665,21,1555,6,,,,,
2026/09/25 18:27,2026-09-25T18:42:57+09:00,2026/09/28,2026/11/12,2026-11,CALL,64250,3510,,,26.39,25.49,3760,7,3680,2,,,,,
2026/09/25 18:27,2026-09-25T18:42:57+09:00,2026/09/28,2026/11/12,2026-11,PUT,64250,1650,,2,26.05,25.61,1545,3,1505,3,25.89,,,1505,09/25 18:08
2026/09/25 18:27,2026-09-25T18:42:57+09:00,2026/09/28,2026/11/12,2026-11,CALL,64125,3560,,,26.08,23.18,3810,1,3555,6,,,,,
2026/09/25 18:27,2026-09-25T18:42:57+09:00,2026/09/28,2026/11/12,2026-11,PUT,64125,1615,,,26.81,25.51,1565,21,1450,6,,,,,
2026/09/25 18:27,2026-09-25T18:42:57+09:00,2026/09/28,2026/11/12,2026-11,CALL,64000,3655,,,26.26,25.01,3905,12,3795,7,,,,,
2026/09/25 18:27,2026-09-25T18:42:57+09:00,2026/09/28,2026/11/12,2026-11,PUT,64000,1560,,,26.2,25.92,1465,2,1440,5,,,,,
2026/09/25 18:27,2026-09-25T18:42:57+09:00,2026/09/28,2026/11/12,2026-11,CALL,63875,3720,,,29.44,23.26,4265,5,3725,6,,,,,
2026/09/25 18:27,2026-09-25T18:42:57+09:00,2026/09/28,2026/11/12,2026-11,PUT,63875,1525,,,27.29,25.46,1515,22,1355,7,,,,,
2026/09/25 18:27,2026-09-25T18:42:57+09:00,2026/09/28,2026/11/12,2026-11,CALL,63750,3815,,,26.26,23.52,4065,1,3830,5,,,,,
2026/09/25 18:27,2026-09-25T18:42:57+09:00,2026/09/28,2026/11/12,2026-11,PUT,63750,1480,,,26.37,25.91,1390,3,1350,3,,,,,
2026/09/25 18:27,2026-09-25T18:42:57+09:00,2026/09/28,2026/11/12,2026-11,CALL,63625,3885,,,29.58,23.41,4435,5,3905,6,,,,,
2026/09/25 18:27,2026-09-25T18:42:57+09:00,2026/09/28,2026/11/12,2026-11,PUT,63625,1440,,,27.46,25.89,1440,22,1305,1,,,,,
2026/09/25 18:27,2026-09-25T18:42:57+09:00,2026/09/28,2026/11/12,2026-11,CALL,63500,3975,,,27.38,23.59,4325,7,4005,9,,,,,
2026/09/25 18:27,2026-09-25T18:42:57+09:00,2026/09/28,2026/11/12,2026-11,PUT,63500,1400,,1,26.45,26.09,1310,2,1280,4,26.32,,,1310,09/25 17:49
2026/09/25 18:27,2026-09-25T18:42:57+09:00,2026/09/28,2026/11/12,2026-11,CALL,63375,4055,,,27.94,23.57,4455,3,4090,6,,,,,
2026/09/25 18:27,2026-09-25T18:42:57+09:00,2026/09/28,2026/11/12,2026-11,PUT,63375,1360,,,27.53,25.99,1360,22,1230,7,,,,,
2026/09/25 18:27,2026-09-25T18:42:57+09:00,2026/09/28,2026/11/12,2026-11,CALL,63250,4160,,,27.85,23.73,4530,2,4190,5,,,,,
2026/09/25 18:27,2026-09-25T18:42:57+09:00,2026/09/28,2026/11/12,2026-11,PUT,63250,1340,,,26.66,26.36,1245,3,1220,3,,,,,
2026/09/25 18:27,2026-09-25T18:42:57+09:00,2026/09/28,2026/11/12,2026-11,CALL,63125,4215,,,28.46,25.87,4665,5,4450,1,,,,,
2026/09/25 18:27,2026-09-25T18:42:57+09:00,2026/09/28,2026/11/12,2026-11,PUT,63125,1270,,,27.69,26.05,1290,22,1155,7,,,,,
2026/09/25 18:27,2026-09-25T18:42:57+09:00,2026/09/28,2026/11/12,2026-11,CALL,63000,4335,,,29.79,22.16,4860,7,4245,7,,,,,
2026/09/25 18:27,2026-09-25T18:42:57+09:00,2026/09/28,2026/11/12,2026-11,PUT,63000,1260,,,26.77,26.47,1175,2,1150,5,,,,,
2026/09/25 18:27,2026-09-25T18:42:57+09:00,2026/09/28,2026/11/12,2026-11,CALL,62875,4415,,,28.17,23.71,4810,3,4455,6,,,,,
2026/09/25 18:27,2026-09-25T18:42:57+09:00,2026/09/28,2026/11/12,2026-11,PUT,62875,1220,,,27.8,25.57,1220,22,1040,22,,,,,
2026/09/25 18:27,2026-09-25T18:42:57+09:00,2026/09/28,2026/11/12,2026-11,CALL,62750,4510,,,28.34,21.89,4910,4,4410,5,,,,,
2026/09/25 18:27,2026-09-25T18:42:57+09:00,2026/09/28,2026/11/12,2026-11,PUT,62750,1185,,,26.91,26.6,1110,3,1085,3,,,,,
2026/09/25 18:27,2026-09-25T18:42:57+09:00,2026/09/28,2026/11/12,2026-11,CALL,62625,4575,,,28.2,26.17,4985,3,4825,4,,,,,
2026/09/25 18:27,2026-09-25T18:42:57+09:00,2026/09/28,2026/11/12,2026-11,PUT,62625,1135,,,27.88,26.23,1150,22,1020,7,,,,,
2026/09/25 18:27,2026-09-25T18:42:57+09:00,2026/09/28,2026/11/12,2026-11,CALL,62500,4695,,,28.6,26.11,5105,7,4910,2,,,,,
2026/09/25 18:27,2026-09-25T18:42:57+09:00,2026/09/28,2026/11/12,2026-11,PUT,62500,1120,,1,27.08,26.75,1050,2,1025,4,26.76,,,1075,09/25 17:24
2026/09/25 18:27,2026-09-25T18:42:57+09:00,2026/09/28,2026/11/12,2026-11,CALL,62375,4785,,,28.94,22.82,5220,5,4760,6,,,,,
2026/09/25 18:27,2026-09-25T18:42:57+09:00,2026/09/28,2026/11/12,2026-11,PUT,62375,1090,,,28.05,26.43,1090,22,965,7,,,,,
2026/09/25 18:27,2026-09-25T18:42:57+09:00,2026/09/28,2026/11/12,2026-11,CALL,62250,4885,,,28.83,22.81,5300,2,4855,5,,,,,
2026/09/25 18:27,2026-09-25T18:42:57+09:00,2026/09/28,2026/11/12,2026-11,PUT,62250,1045,,,27.27,27.07,995,3,980,3,,,,,
2026/09/25 18:27,2026-09-25T18:42:57+09:00,2026/09/28,2026/11/12,2026-11,CALL,62125,4995,,,28.58,22.04,5370,5,4900,6,,,,,
2026/09/25 18:27,2026-09-25T18:42:57+09:00,2026/09/28,2026/11/12,2026-11,PUT,62125,1055,,,28.25,26.45,1035,22,900,7,,,,,
2026/09/25 18:27,2026-09-25T18:42:57+09:00,2026/09/28,2026/11/12,2026-11,CALL,62000,5075,,,29.56,26.41,5535,4,5300,3,,,,,
2026/09/25 18:27,2026-09-25T18:42:57+09:00,2026/09/28,2026/11/12,2026-11,PUT,62000,985,,2,27.36,27.23,935,2,925,2,27.36,-35,-3.55,950,09/25 17:33
2026/09/25 18:27,2026-09-25T18:42:57+09:00,2026/09/28,2026/11/12,2026-11,CALL,61875,5180,,,29.68,26.49,5635,5,5400,1,,,,,
2026/09/25 18:27,2026-09-25T18:42:57+09:00,2026/09/28,2026/11/12,2026-11,PUT,61875,985,,,28.35,26.49,975,24,840,9,,,,,
2026/09/25 18:27,2026-09-25T18:42:57+09:00,2026/09/28,2026/11/12,2026-11,CALL,61750,5275,,,28.86,26.5,5665,3,5495,1,,,,,
2026/09/25 18:27,2026-09-25T18:42:57+09:00,2026/09/28,2026/11/12,2026-11,PUT,61750,945,,,27.62,27.41,890,4,875,2,,,,,
2026/09/25 18:27,2026-09-25T18:42:57+09:00,2026/09/28,2026/11/12,2026-11,CALL,61625,5370,,,28.96,22.54,5765,3,5330,3,,,,,
2026/09/25 18:27,2026-09-25T18:42:57+09:00,2026/09/28,2026/11/12,2026-11,PUT,61625,930,,,28.61,26.64,930,24,790,9,,,,,
2026/09/25 18:27,2026-09-25T18:42:57+09:00,2026/09/28,2026/11/12,2026-11,CALL,61500,5470,,,29.19,22.26,5875,6,5415,6,,,,,
2026/09/25 18:27,2026-09-25T18:42:57+09:00,2026/09/28,2026/11/12,2026-11,PUT,61500,890,,,27.71,27.5,835,2,820,40,,,,,
2026/09/25 18:27,2026-09-25T18:42:57+09:00,2026/09/28,2026/11/12,2026-11,CALL,61375,5575,,,28.85,22.48,5945,3,5530,3,,,,,
2026/09/25 18:27,2026-09-25T18:42:57+09:00,2026/09/28,2026/11/12,2026-11,PUT,61375,885,,,28.85,26.89,885,24,750,9,,,,,
2026/09/25 18:27,2026-09-25T18:42:57+09:00,2026/09/28,2026/11/12,2026-11,CALL,61250,5670,,,29.07,22.33,6055,3,5625,3,,,,,
2026/09/25 18:27,2026-09-25T18:42:57+09:00,2026/09/28,2026/11/12,2026-11,PUT,61250,825,,,27.98,27.68,795,4,775,4,,,,,
2026/09/25 18:27,2026-09-25T18:42:57+09:00,2026/09/28,2026/11/12,2026-11,CALL,61125,5785,,,29.43,26.81,6175,1,6000,1,,,,,
2026/09/25 18:27,2026-09-25T18:42:57+09:00,2026/09/28,2026/11/12,2026-11,PUT,61125,825,,,29.06,27.27,840,24,720,9,,,,,
2026/09/25 18:27,2026-09-25T18:42:57+09:00,2026/09/28,2026/11/12,2026-11,CALL,61000,5870,,,30,26.83,6310,9,6100,3,,,,,
2026/09/25 18:27,2026-09-25T18:42:57+09:00,2026/09/28,2026/11/12,2026-11,PUT,61000,790,,,28.07,27.91,745,2,735,14,,,,,
2026/09/25 18:27,2026-09-25T18:42:57+09:00,2026/09/28,2026/11/12,2026-11,CALL,60875,5970,,,31.94,27,6540,1,6210,1,,,,,
2026/09/25 18:27,2026-09-25T18:42:57+09:00,2026/09/28,2026/11/12,2026-11,PUT,60875,780,,,29.01,27.39,780,7,675,9,,,,,
2026/09/25 18:27,2026-09-25T18:42:57+09:00,2026/09/28,2026/11/12,2026-11,CALL,60750,6075,,,29.43,27,6465,1,6310,1,,,,,
2026/09/25 18:27,2026-09-25T18:42:57+09:00,2026/09/28,2026/11/12,2026-11,PUT,60750,740,,,28.35,28.11,710,4,695,4,,,,,
2026/09/25 18:27,2026-09-25T18:42:57+09:00,2026/09/28,2026/11/12,2026-11,CALL,60625,6160,,,29.77,26.98,6585,1,6410,4,,,,,
2026/09/25 18:27,2026-09-25T18:42:57+09:00,2026/09/28,2026/11/12,2026-11,PUT,60625,720,,,29.62,27.56,765,24,635,9,,,,,
2026/09/25 18:27,2026-09-25T18:42:57+09:00,2026/09/28,2026/11/12,2026-11,CALL,60500,6280,,,29.8,27.29,6685,6,6530,8,,,,,
2026/09/25 18:27,2026-09-25T18:42:57+09:00,2026/09/28,2026/11/12,2026-11,PUT,60500,710,,,28.53,28.28,670,6,655,2,,,,,
2026/09/25 18:27,2026-09-25T18:42:57+09:00,2026/09/28,2026/11/12,2026-11,CALL,60250,6495,,,30.54,27.48,6930,3,6745,1,,,,,
2026/09/25 18:27,2026-09-25T18:42:57+09:00,2026/09/28,2026/11/12,2026-11,PUT,60250,670,,,28.75,28.5,635,4,620,4,,,,,
2026/09/25 18:27,2026-09-25T18:42:57+09:00,2026/09/28,2026/11/12,2026-11,CALL,60000,6705,,,31.2,27.54,7170,9,6955,12,,,,,
2026/09/25 18:27,2026-09-25T18:42:57+09:00,2026/09/28,2026/11/12,2026-11,PUT,60000,635,,,28.86,28.69,595,2,585,2,,,,,
2026/09/25 18:27,2026-09-25T18:42:57+09:00,2026/09/28,2026/11/12,2026-11,CALL,59750,6920,,,31.27,27.65,7375,3,7170,4,,,,,
2026/09/25 18:27,2026-09-25T18:42:57+09:00,2026/09/28,2026/11/12,2026-11,PUT,59750,605,,,29.11,28.93,565,5,555,2,,,,,
2026/09/25 18:27,2026-09-25T18:42:57+09:00,2026/09/28,2026/11/12,2026-11,CALL,59500,7135,,,30.86,27.72,7555,2,7385,8,,,,,
2026/09/25 18:27,2026-09-25T18:42:57+09:00,2026/09/28,2026/11/12,2026-11,PUT,59500,570,,1,29.34,29.15,535,15,525,2,29.11,-50,-8.62,530,09/25 17:43
2026/09/25 18:27,2026-09-25T18:42:57+09:00,2026/09/28,2026/11/12,2026-11,CALL,59250,7355,,,31.29,27.85,7785,1,7605,4,,,,,
2026/09/25 18:27,2026-09-25T18:42:57+09:00,2026/09/28,2026/11/12,2026-11,PUT,59250,540,,,29.53,29.34,505,5,495,2,,,,,
2026/09/25 18:27,2026-09-25T18:42:57+09:00,2026/09/28,2026/11/12,2026-11,CALL,59000,7575,,,34.02,27.94,8145,9,7825,12,,,,,
2026/09/25 18:27,2026-09-25T18:42:57+09:00,2026/09/28,2026/11/12,2026-11,PUT,59000,500,,,29.79,29.6,480,21,470,11,,,,,
2026/09/25 18:27,2026-09-25T18:42:57+09:00,2026/09/28,2026/11/12,2026-11,CALL,58750,7795,,,33.76,28,8335,3,8045,4,,,,,
2026/09/25 18:27,2026-09-25T18:42:57+09:00,2026/09/28,2026/11/12,2026-11,PUT,58750,470,,,30.03,29.72,455,13,440,22,,,,,
2026/09/25 18:27,2026-09-25T18:42:57+09:00,2026/09/28,2026/11/12,2026-11,CALL,58500,8020,,,34.64,28.12,8590,6,8270,6,,,,,
2026/09/25 18:27,2026-09-25T18:42:57+09:00,2026/09/28,2026/11/12,2026-11,PUT,58500,455,,,30.24,30.03,430,39,420,2,,,,,
2026/09/25 18:27,2026-09-25T18:42:57+09:00,2026/09/28,2026/11/12,2026-11,CALL,58250,8245,,,32.54,28.21,8690,1,8495,3,,,,,
2026/09/25 18:27,2026-09-25T18:42:57+09:00,2026/09/28,2026/11/12,2026-11,PUT,58250,435,,,30.54,30.21,410,19,395,24,,,,,
2026/09/25 18:27,2026-09-25T18:42:57+09:00,2026/09/28,2026/11/12,2026-11,CALL,58000,8470,,,32.88,28.26,8920,9,8720,9,,,,,
2026/09/25 18:27,2026-09-25T18:42:57+09:00,2026/09/28,2026/11/12,2026-11,PUT,58000,410,,,30.7,30.47,385,16,375,51,,,,,
2026/09/25 18:27,2026-09-25T18:42:57+09:00,2026/09/28,2026/11/12,2026-11,CALL,57750,8695,,,34.66,28.26,9220,1,8945,3,,,,,
2026/09/25 18:27,2026-09-25T18:42:57+09:00,2026/09/28,2026/11/12,2026-11,PUT,57750,390,,,30.94,30.7,365,2,355,19,,,,,
2026/09/25 18:27,2026-09-25T18:42:57+09:00,2026/09/28,2026/11/12,2026-11,CALL,57500,8925,,,34.37,28.36,9420,4,9175,6,,,,,
2026/09/25 18:27,2026-09-25T18:42:57+09:00,2026/09/28,2026/11/12,2026-11,PUT,57500,370,,,31.28,31.04,350,2,340,14,,,,,
2026/09/25 18:27,2026-09-25T18:42:57+09:00,2026/09/28,2026/11/12,2026-11,CALL,57250,9155,,,35.33,28.41,9680,3,9405,3,,,,,
2026/09/25 18:27,2026-09-25T18:42:57+09:00,2026/09/28,2026/11/12,2026-11,PUT,57250,350,,,31.48,31.22,330,13,320,5,,,,,
2026/09/25 18:27,2026-09-25T18:42:57+09:00,2026/09/28,2026/11/12,2026-11,CALL,57000,9385,,,37.15,28.42,9980,9,9635,9,,,,,
2026/09/25 18:27,2026-09-25T18:42:57+09:00,2026/09/28,2026/11/12,2026-11,PUT,57000,330,,1,31.78,31.52,315,49,305,2,31.68,-25,-7.58,305,09/25 18:13
2026/09/25 18:27,2026-09-25T18:42:57+09:00,2026/09/28,2026/11/12,2026-11,CALL,56750,9620,,,35.23,28.55,10110,1,9870,4,,,,,
2026/09/25 18:27,2026-09-25T18:42:57+09:00,2026/09/28,2026/11/12,2026-11,PUT,56750,315,,,32.01,31.71,298,13,287,15,,,,,
2026/09/25 18:27,2026-09-25T18:42:57+09:00,2026/09/28,2026/11/12,2026-11,CALL,56500,9855,,,35.96,28.64,10360,2,10105,8,,,,,
2026/09/25 18:27,2026-09-25T18:42:57+09:00,2026/09/28,2026/11/12,2026-11,PUT,56500,298,,,32.24,32.01,282,2,274,8,,,,,
2026/09/25 18:27,2026-09-25T18:42:57+09:00,2026/09/28,2026/11/12,2026-11,CALL,56250,10090,,,38.1,28.69,10670,3,10340,4,,,,,
2026/09/25 18:27,2026-09-25T18:42:57+09:00,2026/09/28,2026/11/12,2026-11,PUT,56250,280,,,32.57,32.27,270,17,260,17,,,,,
2026/09/25 18:27,2026-09-25T18:42:57+09:00,2026/09/28,2026/11/12,2026-11,CALL,56000,10325,,,36.03,,10805,3,10300,9,,,,,
2026/09/25 18:27,2026-09-25T18:42:57+09:00,2026/09/28,2026/11/12,2026-11,PUT,56000,267,,,32.82,32.57,256,14,248,14,,,,,
2026/09/25 18:27,2026-09-25T18:42:57+09:00,2026/09/28,2026/11/12,2026-11,CALL,55750,10560,,,,,,,,,,,,,
2026/09/25 18:27,2026-09-25T18:42:57+09:00,2026/09/28,2026/11/12,2026-11,PUT,55750,251,,,33.14,32.82,245,17,235,19,,,,,
2026/09/25 18:27,2026-09-25T18:42:57+09:00,2026/09/28,2026/11/12,2026-11,CALL,55500,10795,,,,,,,,,,,,,
2026/09/25 18:27,2026-09-25T18:42:57+09:00,2026/09/28,2026/11/12,2026-11,PUT,55500,240,,,33.41,33.14,233,12,225,12,,,,,
2026/09/25 18:27,2026-09-25T18:42:57+09:00,2026/09/28,2026/11/12,2026-11,CALL,55250,11035,,,,,,,,,,,,,
2026/09/25 18:27,2026-09-25T18:42:57+09:00,2026/09/28,2026/11/12,2026-11,PUT,55250,227,,,33.7,33.42,222,8,214,8,,,,,
2026/09/25 18:27,2026-09-25T18:42:57+09:00,2026/09/28,2026/11/12,2026-11,CALL,55000,11275,,,,,,,,,,,,,
2026/09/25 18:27,2026-09-25T18:42:57+09:00,2026/09/28,2026/11/12,2026-11,PUT,55000,219,,2,34,33.78,212,17,206,17,33.48,-1,-0.45,220,09/25 17:16
2026/09/25 18:27,2026-09-25T18:42:57+09:00,2026/09/28,2026/11/12,2026-11,CALL,54750,11510,,,,,,,,,,,,,
2026/09/25 18:27,2026-09-25T18:42:57+09:00,2026/09/28,2026/11/12,2026-11,PUT,54750,206,,,34.29,34.06,202,6,196,6,,,,,
2026/09/25 18:27,2026-09-25T18:42:57+09:00,2026/09/28,2026/11/12,2026-11,CALL,54500,11750,,,,,,,,,,,,,
2026/09/25 18:27,2026-09-25T18:42:57+09:00,2026/09/28,2026/11/12,2026-11,PUT,54500,196,,,34.67,34.32,195,12,186,12,,,,,
2026/09/25 18:27,2026-09-25T18:42:57+09:00,2026/09/28,2026/11/12,2026-11,CALL,54250,11990,,,,,,,,,,,,,
2026/09/25 18:27,2026-09-25T18:42:57+09:00,2026/09/28,2026/11/12,2026-11,PUT,54250,189,,,34.92,34.64,185,7,178,7,,,,,
2026/09/25 18:27,2026-09-25T18:42:57+09:00,2026/09/28,2026/11/12,2026-11,CALL,54000,12230,,,,,,,,,,,,,
2026/09/25 18:27,2026-09-25T18:42:57+09:00,2026/09/28,2026/11/12,2026-11,PUT,54000,182,,,35.28,34.9,178,18,169,20,,,,,
2026/09/25 18:27,2026-09-25T18:42:57+09:00,2026/09/28,2026/11/12,2026-11,CALL,53750,12475,,,,,,,,,,,,,
2026/09/25 18:27,2026-09-25T18:42:57+09:00,2026/09/28,2026/11/12,2026-11,PUT,53750,173,,,35.58,35.28,170,7,163,7,,,,,
2026/09/25 18:27,2026-09-25T18:42:57+09:00,2026/09/28,2026/11/12,2026-11,CALL,53500,12720,,,,,,,,,,,,,
2026/09/25 18:27,2026-09-25T18:42:57+09:00,2026/09/28,2026/11/12,2026-11,PUT,53500,166,,,35.87,35.55,162,12,155,12,,,,,
2026/09/25 18:27,2026-09-25T18:42:57+09:00,2026/09/28,2026/11/12,2026-11,CALL,53250,12960,,,,,,,,,,,,,
2026/09/25 18:27,2026-09-25T18:42:57+09:00,2026/09/28,2026/11/12,2026-11,PUT,53250,160,,,36.23,35.85,156,8,148,10,,,,,
2026/09/25 18:27,2026-09-25T18:42:57+09:00,2026/09/28,2026/11/12,2026-11,CALL,53000,13205,,,,,,,,,,,,,
2026/09/25 18:27,2026-09-25T18:42:57+09:00,2026/09/28,2026/11/12,2026-11,PUT,53000,154,,2,36.62,36.19,151,21,142,22,36.2,2,1.35,150,09/25 17:28
2026/09/25 18:27,2026-09-25T18:42:57+09:00,2026/09/28,2026/11/12,2026-11,CALL,52750,13445,,,,,,,,,,,,,
2026/09/25 18:27,2026-09-25T18:42:57+09:00,2026/09/28,2026/11/12,2026-11,PUT,52750,144,,,36.91,36.51,144,8,136,10,,,,,
2026/09/25 18:27,2026-09-25T18:42:57+09:00,2026/09/28,2026/11/12,2026-11,CALL,52500,13690,,,,,,,,,,,,,
2026/09/25 18:27,2026-09-25T18:42:57+09:00,2026/09/28,2026/11/12,2026-11,PUT,52500,138,,,37.24,36.87,138,14,131,14,,,,,
2026/09/25 18:27,2026-09-25T18:42:57+09:00,2026/09/28,2026/11/12,2026-11,CALL,52250,13935,,,,,,,,,,,,,
2026/09/25 18:27,2026-09-25T18:42:57+09:00,2026/09/28,2026/11/12,2026-11,PUT,52250,133,,,37.6,37.22,133,8,126,20,,,,,
2026/09/25 18:27,2026-09-25T18:42:57+09:00,2026/09/28,2026/11/12,2026-11,CALL,52000,14175,,,,,,,,,,,,,
2026/09/25 18:27,2026-09-25T18:42:57+09:00,2026/09/28,2026/11/12,2026-11,PUT,52000,129,,3,37.85,37.56,126,21,121,21,37.64,-5,-3.88,124,09/25 17:47
2026/09/25 18:27,2026-09-25T18:42:57+09:00,2026/09/28,2026/11/12,2026-11,CALL,51750,14420,,,,,,,,,,,,,
2026/09/25 18:27,2026-09-25T18:42:57+09:00,2026/09/28,2026/11/12,2026-11,PUT,51750,122,,,38.24,37.89,122,8,116,8,,,,,
2026/09/25 18:27,2026-09-25T18:42:57+09:00,2026/09/28,2026/11/12,2026-11,CALL,51500,14665,,,,,,,,,,,,,
2026/09/25 18:27,2026-09-25T18:42:57+09:00,2026/09/28,2026/11/12,2026-11,PUT,51500,116,,,38.63,38.27,118,14,112,14,,,,,
2026/09/25 18:27,2026-09-25T18:42:57+09:00,2026/09/28,2026/11/12,2026-11,CALL,51250,14910,,,,,,,,,,,,,
2026/09/25 18:27,2026-09-25T18:42:57+09:00,2026/09/28,2026/11/12,2026-11,PUT,51250,118,,,38.95,38.57,113,10,107,10,,,,,
2026/09/25 18:27,2026-09-25T18:42:57+09:00,2026/09/28,2026/11/12,2026-11,CALL,51000,15155,,,,,,,,,,,,,
2026/09/25 18:27,2026-09-25T18:42:57+09:00,2026/09/28,2026/11/12,2026-11,PUT,51000,108,,,39.32,38.86,109,24,102,26,,,,,
2026/09/25 18:27,2026-09-25T18:42:57+09:00,2026/09/28,2026/11/12,2026-11,CALL,50750,15400,,,,,,,,,,,,,
2026/09/25 18:27,2026-09-25T18:42:57+09:00,2026/09/28,2026/11/12,2026-11,PUT,50750,103,,,39.74,39.27,106,10,99,10,,,,,
2026/09/25 18:27,2026-09-25T18:42:57+09:00,2026/09/28,2026/11/12,2026-11,CALL,50500,15645,,,,,,,,,,,,,
2026/09/25 18:27,2026-09-25T18:42:57+09:00,2026/09/28,2026/11/12,2026-11,PUT,50500,99,,,40.09,39.61,102,16,95,38,,,,,
2026/09/25 18:27,2026-09-25T18:42:57+09:00,2026/09/28,2026/11/12,2026-11,CALL,50250,15895,,,,,,,,,,,,,
2026/09/25 18:27,2026-09-25T18:42:57+09:00,2026/09/28,2026/11/12,2026-11,PUT,50250,95,,,40.36,39.93,97,10,91,10,,,,,
2026/09/25 18:27,2026-09-25T18:42:57+09:00,2026/09/28,2026/11/12,2026-11,CALL,50000,16140,,,,,,,,,,,,,
2026/09/25 18:27,2026-09-25T18:42:57+09:00,2026/09/28,2026/11/12,2026-11,PUT,50000,92,,,40.76,40.39,94,24,89,57,,,,,
2026/09/25 18:27,2026-09-25T18:42:57+09:00,2026/09/28,2026/11/12,2026-11,CALL,49750,16385,,,,,,,,,,,,,
2026/09/25 18:27,2026-09-25T18:42:57+09:00,2026/09/28,2026/11/12,2026-11,PUT,49750,90,,,41.15,40.69,91,10,85,23,,,,,
2026/09/25 18:27,2026-09-25T18:42:57+09:00,2026/09/28,2026/11/12,2026-11,CALL,49500,16630,,,,,,,,,,,,,
2026/09/25 18:27,2026-09-25T18:42:57+09:00,2026/09/28,2026/11/12,2026-11,PUT,49500,85,,,41.46,40.98,87,16,81,38,,,,,
2026/09/25 18:27,2026-09-25T18:42:57+09:00,2026/09/28,2026/11/12,2026-11,CALL,49250,16875,,,,,,,,,,,,,
2026/09/25 18:27,2026-09-25T18:42:57+09:00,2026/09/28,2026/11/12,2026-11,PUT,49250,82,,,41.91,41.42,85,10,79,23,,,,,
2026/09/25 18:27,2026-09-25T18:42:57+09:00,2026/09/28,2026/11/12,2026-11,CALL,49000,17125,,,,,,,,,,,,,
2026/09/25 18:27,2026-09-25T18:42:57+09:00,2026/09/28,2026/11/12,2026-11,PUT,49000,80,,,42.28,41.59,82,24,74,26,,,,,
2026/09/25 18:27,2026-09-25T18:42:57+09:00,2026/09/28,2026/11/12,2026-11,CALL,48750,17370,,,,,,,,,,,,,
2026/09/25 18:27,2026-09-25T18:42:57+09:00,2026/09/28,2026/11/12,2026-11,PUT,48750,74,,,42.89,41.74,82,1,69,1,,,,,
2026/09/25 18:27,2026-09-25T18:42:57+09:00,2026/09/28,2026/11/12,2026-11,CALL,48500,17620,,,,,,,,,,,,,
2026/09/25 18:27,2026-09-25T18:42:57+09:00,2026/09/28,2026/11/12,2026-11,PUT,48500,75,,,43.25,42.06,79,1,66,1,,,,,
2026/09/25 18:27,2026-09-25T18:42:57+09:00,2026/09/28,2026/11/12,2026-11,CALL,48250,17865,,,,,,,,,,,,,
2026/09/25 18:27,2026-09-25T18:42:57+09:00,2026/09/28,2026/11/12,2026-11,PUT,48250,72,,,43.69,42.36,77,1,63,1,,,,,
2026/09/25 18:27,2026-09-25T18:42:57+09:00,2026/09/28,2026/11/12,2026-11,CALL,48000,18110,,,,,,,,,,,,,
2026/09/25 18:27,2026-09-25T18:42:57+09:00,2026/09/28,2026/11/12,2026-11,PUT,48000,68,,,44.12,42.75,75,1,61,1,,,,,
2026/09/25 18:27,2026-09-25T18:42:57+09:00,2026/09/28,2026/11/12,2026-11,CALL,47750,18360,,,,,,,,,,,,,
2026/09/25 18:27,2026-09-25T18:42:57+09:00,2026/09/28,2026/11/12,2026-11,PUT,47750,66,,,44.46,43.14,72,1,59,1,,,,,
2026/09/25 18:27,2026-09-25T18:42:57+09:00,2026/09/28,2026/11/12,2026-11,CALL,47500,18605,,,,,,,,,,,,,
2026/09/25 18:27,2026-09-25T18:42:57+09:00,2026/09/28,2026/11/12,2026-11,PUT,47500,65,,1,44.48,43.85,66,18,60,19,44.29,-9,-12.5,63,09/25 18:24
2026/09/25 18:27,2026-09-25T18:42:57+09:00,2026/09/28,2026/11/12,2026-11,CALL,47250,18850,,,,,,,,,,,,,
2026/09/25 18:27,2026-09-25T18:42:57+09:00,2026/09/28,2026/11/12,2026-11,PUT,47250,61,,,45.29,43.89,68,1,55,1,,,,,
2026/09/25 18:27,2026-09-25T18:42:57+09:00,2026/09/28,2026/11/12,2026-11,CALL,47000,19100,,,,,,,,,,,,,
2026/09/25 18:27,2026-09-25T18:42:57+09:00,2026/09/28,2026/11/12,2026-11,PUT,47000,59,,,45.7,44.25,66,1,53,1,,,,,
2026/09/25 18:27,2026-09-25T18:42:57+09:00,2026/09/28,2026/11/12,2026-11,CALL,46750,19350,,,,,,,,,,,,,
2026/09/25 18:27,2026-09-25T18:42:57+09:00,2026/09/28,2026/11/12,2026-11,PUT,46750,58,,,46.11,44.61,64,1,51,1,,,,,
2026/09/25 18:27,2026-09-25T18:42:57+09:00,2026/09/28,2026/11/12,2026-11,CALL,46500,19595,,,,,,,,,,,,,
2026/09/25 18:27,2026-09-25T18:42:57+09:00,2026/09/28,2026/11/12,2026-11,PUT,46500,56,,,46.51,44.95,62,1,49,1,,,,,
2026/09/25 18:27,2026-09-25T18:42:57+09:00,2026/09/28,2026/11/12,2026-11,CALL,46250,19845,,,,,,,,,,,,,
2026/09/25 18:27,2026-09-25T18:42:57+09:00,2026/09/28,2026/11/12,2026-11,PUT,46250,54,,,46.9,45.29,60,1,47,1,,,,,
2026/09/25 18:27,2026-09-25T18:42:57+09:00,2026/09/28,2026/11/12,2026-11,CALL,46000,20090,,,,,,,,,,,,,
2026/09/25 18:27,2026-09-25T18:42:57+09:00,2026/09/28,2026/11/12,2026-11,PUT,46000,53,,,47.4,45.75,59,1,46,1,,,,,
2026/09/25 18:27,2026-09-25T18:42:57+09:00,2026/09/28,2026/11/12,2026-11,CALL,45750,20340,,,,,,,,,,,,,
2026/09/25 18:27,2026-09-25T18:42:57+09:00,2026/09/28,2026/11/12,2026-11,PUT,45750,50,,,47.78,46.07,57,1,44,1,,,,,
2026/09/25 18:27,2026-09-25T18:42:57+09:00,2026/09/28,2026/11/12,2026-11,CALL,45500,20585,,,,,,,,,,,,,
2026/09/25 18:27,2026-09-25T18:42:57+09:00,2026/09/28,2026/11/12,2026-11,PUT,45500,48,,,48.15,46.38,55,1,42,1,,,,,
2026/09/25 18:27,2026-09-25T18:42:57+09:00,2026/09/28,2026/11/12,2026-11,CALL,45250,20835,,,,,,,,,,,,,
2026/09/25 18:27,2026-09-25T18:42:57+09:00,2026/09/28,2026/11/12,2026-11,PUT,45250,48,,,48.52,46.83,53,1,41,1,,,,,
2026/09/25 18:27,2026-09-25T18:42:57+09:00,2026/09/28,2026/11/12,2026-11,CALL,45000,21085,,,,,,,,,,,,,
2026/09/25 18:27,2026-09-25T18:42:57+09:00,2026/09/28,2026/11/12,2026-11,PUT,45000,48,,1,48.6,47.74,49,29,43,27,48,-3,-6.25,45,09/25 17:59
2026/09/25 18:27,2026-09-25T18:42:57+09:00,2026/09/28,2026/11/12,2026-11,CALL,44750,21330,,,,,,,,,,,,,
2026/09/25 18:27,2026-09-25T18:42:57+09:00,2026/09/28,2026/11/12,2026-11,PUT,44750,44,,,49.49,47.56,51,1,38,1,,,,,
2026/09/25 18:27,2026-09-25T18:42:57+09:00,2026/09/28,2026/11/12,2026-11,CALL,44500,21580,,,,,,,,,,,,,
2026/09/25 18:27,2026-09-25T18:42:57+09:00,2026/09/28,2026/11/12,2026-11,PUT,44500,43,,,49.84,47.99,49,1,37,1,,,,,
2026/09/25 18:27,2026-09-25T18:42:57+09:00,2026/09/28,2026/11/12,2026-11,CALL,44000,22075,,,,,,,,,,,,,
2026/09/25 18:27,2026-09-25T18:42:57+09:00,2026/09/28,2026/11/12,2026-11,PUT,44000,41,,,50.8,48.67,47,1,34,1,,,,,
2026/09/25 18:27,2026-09-25T18:42:57+09:00,2026/09/28,2026/11/12,2026-11,CALL,43000,23070,,,,,,,,,,,,,
2026/09/25 18:27,2026-09-25T18:42:57+09:00,2026/09/28,2026/11/12,2026-11,PUT,43000,36,,,62.31,36.29,132,6,1,26,,,,,
2026/09/25 18:27,2026-09-25T18:42:57+09:00,2026/09/28,2026/11/12,2026-11,CALL,42000,24065,,,,,,,,,,,,,
2026/09/25 18:27,2026-09-25T18:42:57+09:00,2026/09/28,2026/11/12,2026-11,PUT,42000,38,,,64.73,38.14,126,8,1,26,,,,,
2026/09/25 18:27,2026-09-25T18:42:57+09:00,2026/09/28,2026/11/12,2026-11,CALL,41000,25050,,,,,,,,,,,,,
2026/09/25 18:27,2026-09-25T18:42:57+09:00,2026/09/28,2026/11/12,2026-11,PUT,41000,18,,,56.13,40.02,34,5,1,26,,,,,
2026/09/25 18:27,2026-09-25T18:42:57+09:00,2026/09/28,2026/11/12,2026-11,CALL,40000,26045,,,,,,,,,,,,,
2026/09/25 18:27,2026-09-25T18:42:57+09:00,2026/09/28,2026/11/12,2026-11,PUT,40000,26,,,57.83,54.49,30,1,18,7,,,,,
2026/09/25 18:27,2026-09-25T18:42:57+09:00,2026/09/28,2026/11/12,2026-11,CALL,39000,27035,,,,,,,,,,,,,
2026/09/25 18:27,2026-09-25T18:42:57+09:00,2026/09/28,2026/11/12,2026-11,PUT,39000,11,,,59.7,55.85,27,1,15,6,,,,,
2026/09/25 18:27,2026-09-25T18:42:57+09:00,2026/09/28,2026/11/12,2026-11,CALL,38000,28030,,,,,,,,,,,,,
2026/09/25 18:27,2026-09-25T18:42:57+09:00,2026/09/28,2026/11/12,2026-11,PUT,38000,19,,,64.11,45.96,34,7,1,26,,,,,
2026/09/25 18:27,2026-09-25T18:42:57+09:00,2026/09/28,2026/11/12,2026-11,CALL,37000,29025,,,,,,,,,,,,,
2026/09/25 18:27,2026-09-25T18:42:57+09:00,2026/09/28,2026/11/12,2026-11,PUT,37000,17,,,65.9,56.45,30,9,7,11,,,,,
2026/09/25 18:27,2026-09-25T18:42:57+09:00,2026/09/28,2026/11/12,2026-11,CALL,36000,30020,,,,,,,,,,,,,
2026/09/25 18:27,2026-09-25T18:42:57+09:00,2026/09/28,2026/11/12,2026-11,PUT,36000,15,,,81.78,57.12,109,6,5,8,,,,,
2026/09/25 18:27,2026-09-25T18:42:57+09:00,2026/09/28,2026/11/12,2026-11,CALL,35000,31020,,,,,,,,,,,,,
2026/09/25 18:27,2026-09-25T18:42:57+09:00,2026/09/28,2026/11/12,2026-11,PUT,35000,13,,2,66.29,65.3,15,27,13,28,65.91,-1,-6.67,14,09/25 18:09
2026/09/25 18:27,2026-09-25T18:42:57+09:00,2026/09/28,2026/11/12,2026-11,CALL,34000,32020,,,,,,,,,,,,,
2026/09/25 18:27,2026-09-25T18:42:57+09:00,2026/09/28,2026/11/12,2026-11,PUT,34000,8,,,88.24,63.15,106,6,6,12,,,,,
2026/09/25 18:27,2026-09-25T18:42:57+09:00,2026/09/28,2026/11/12,2026-11,CALL,33000,33015,,,,,,,,,,,,,
2026/09/25 18:27,2026-09-25T18:42:57+09:00,2026/09/28,2026/11/12,2026-11,PUT,33000,2,,,91.66,59.97,105,6,2,7,,,,,
2026/09/25 18:27,2026-09-25T18:42:57+09:00,2026/09/28,2026/11/12,2026-11,CALL,32000,34015,,,,,,,,,,,,,
2026/09/25 18:27,2026-09-25T18:42:57+09:00,2026/09/28,2026/11/12,2026-11,PUT,32000,7,,,73.8,68.52,13,15,6,15,,,,,
2026/09/25 18:27,2026-09-25T18:42:57+09:00,2026/09/28,2026/11/12,2026-11,CALL,31000,35010,,,,,,,,,,,,,
2026/09/25 18:27,2026-09-25T18:42:57+09:00,2026/09/28,2026/11/12,2026-11,PUT,31000,6,,,76.18,68.84,12,15,4,15,,,,,
2026/09/25 18:27,2026-09-25T18:42:57+09:00,2026/09/28,2026/11/12,2026-11,CALL,30000,36010,,,,,,,,,,,,,
2026/09/25 18:27,2026-09-25T18:42:57+09:00,2026/09/28,2026/11/12,2026-11,PUT,30000,7,,2,76.22,75.28,8,2,7,6,76.15,1,14.29,8,09/25 17:46
2026/09/25 18:27,2026-09-25T18:42:57+09:00,2026/09/28,2026/11/12,2026-11,CALL,29000,37010,,,,,,,,,,,,,
2026/09/25 18:27,2026-09-25T18:42:57+09:00,2026/09/28,2026/11/12,2026-11,PUT,29000,4,,2,79.29,75.99,8,42,5,114,77.18,,,6,09/25 17:50
2026/09/25 18:27,2026-09-25T18:42:57+09:00,2026/09/28,2026/11/12,2026-11,CALL,28000,38005,,,,,,,,,,,,,
2026/09/25 18:27,2026-09-25T18:42:57+09:00,2026/09/28,2026/11/12,2026-11,PUT,28000,3,,,84.23,75.72,10,15,3,15,,,,,
2026/09/25 18:27,2026-09-25T18:42:57+09:00,2026/09/28,2026/11/12,2026-11,CALL,27000,39005,,,,,,,,,,,,,
2026/09/25 18:27,2026-09-25T18:42:57+09:00,2026/09/28,2026/11/12,2026-11,PUT,27000,2,,,86.71,76.29,9,15,2,15,,,,,
2026/09/25 18:27,2026-09-25T18:42:57+09:00,2026/09/28,2026/11/12,2026-11,CALL,26000,40005,,,,,,,,,,,,,
2026/09/25 18:27,2026-09-25T18:42:57+09:00,2026/09/28,2026/11/12,2026-11,PUT,26000,2,,,86.88,79.35,6,16,2,15,,,,,
2026/09/25 18:27,2026-09-25T18:42:57+09:00,2026/09/28,2026/11/12,2026-11,CALL,25000,41000,,,,,,,,,,,,,
2026/09/25 18:27,2026-09-25T18:42:57+09:00,2026/09/28,2026/11/12,2026-11,PUT,25000,3,,1,88.92,85.21,5,70,3,34,85.3,,,3,09/25 18:13
